ID,Date,Description,Credit,Debit,Reference,Balance
33,16-May-24,Transfer to Elina Winter,0,18000,2345678903D,47626.5
33,16-May-24,Transaction fee,0,20,2345678903D,65626.5
32,1-May-24,Monthly account maintenance,0,50.5,1234567892C,65646.5
32,1-May-24,Transaction fee,0,20.5,1234567892C,65697
31,12-Apr-24,Transfer from Noah Koch,20000.75,0,9012345671B,65717.5
31,12-Apr-24,Transaction fee,0,20.75,9012345671B,45716.75
30,1-Apr-24,Monthly account maintenance,0,50.75,H7890123450A,45737.5
30,1-Apr-24,Transaction fee,0,20.75,H7890123450A,45788.25
29,20-Mar-24,Transfer to Lina Schulz,0,15000.5,G678901234Z,45809
